99607898
48101759
99139836
77588729
36879901
83858981
38749826
52951835
12572133
96551579
22541770
50891720
41947574
69057470
41446060
60086555
34038534
83977191
39773437
98639753
74232712
63197638
19417066
40756200
66056483
92946453
33496303
11878409
47747957
23740538
27781439
26023516
10193174
35245288
59948266
24903308
58641681
95963602
95405789
14061302
53884503
29942477
22896360
71868720
85981301
46096790
66567946
97734959
86985266
78465014
71173142
91802871
74585945
80843698
17473101
76907457
79007365
27689560
53250238
15049443
40627590
11709985
66176205
85259207
26109658
81375739
12519401
21493018
49264952
97985829
58575375
21062206
94722758
14482092
52952809
10333754
49231092
68867897
54878134
34743317
82408616
66964200
54630488
26489067
98317285
57995938
56290358
63263655
53377515
62893762
11519260
39538243
19842083
88902003
64907207
21521251
29449163
82415209
58229590