12062361;19,14
12062360;48,47
12062359;49,44
12062358;27,6
12062357;7,4
12062356;33,35
12062355;30,7
12062354;50,8
12062353;44,11
12062352;42,28
12062351;32,43
12062350;11,35
12062349;55,28
12062348;23,30
12062347;12,22
12062346;8,9
12062345;26,41
12062344;38,51
12062343;30,13
12062342;43,51
12062341;37,48
12062340;40,44
12062339;54,43
12062338;46,18
12062337;51,25
12062336;5,26
12062335;6,22
12062334;29,10
12062333;28,9
12062332;16,46
12062331;46,36
12062330;19,44
12062329;31,13
12062328;49,24
12062327;37,18
12062326;32,48
12062325;21,33
12062324;21,39
12062323;55,51
12062322;44,9
12062321;16,40
12062320;7,11
12062319;25,23
12062318;26,47
12062317;4,49
12062316;8,16
12062315;55,12
12062314;41,9
12062313;20,14
12062312;31,14
12062311;9,25
12062310;21,11
12062309;14,5
12062308;50,6
12062307;28,47
12062306;35,44
12062305;41,35
12062304;36,48
12062303;38,27
12062302;22,44
12062301;53,54
12062300;31,45
12062299;45,52
12062298;52,42
12062297;34,13
12062296;11,34
12062295;49,38
12062294;20,40
12062293;55,7
12062292;17,52
12062291;7,47
12062290;37,42
12062289;17,55
12062288;54,21
12062287;47,36
12062286;15,45
12062285;31,36
12062284;23,14
12062283;23,39
12062282;35,48
12062281;35,48
12062280;9,18
12062279;11,23
12062278;49,16
12062277;22,44
12062276;52,50
12062275;27,29
12062274;9,36
12062273;7,10
12062272;49,17
12062271;31,21
12062270;47,9
12062269;29,30
12062268;43,39
12062267;32,15
12062266;23,48
12062265;9,21
12062264;50,34
12062263;40,18
12062262;32,5
12062261;34,52
12062260;9,31
12062259;41,5
12062258;35,50
12062257;6,41
12062256;47,50
12062255;43,53
12062254;5,8
12062253;46,17
12062252;14,4
12062251;13,42
12062250;8,35
12062249;10,51
12062248;32,49
12062247;48,10
12062246;10,30
12062245;26,43
12062244;50,30
12062243;8,36
12062242;32,12
12062241;38,18
12062240;10,49
12062239;26,28
12062238;8,19
12062237;24,21
12062236;37,15
12062235;31,38
12062234;13,51
12062233;7,42
12062232;5,23
12062231;51,7
12062230;12,28
12062229;34,13
12062228;21,7
12062227;50,31
12062226;52,10
12062225;53,28
12062224;24,21
12062223;55,17
12062222;48,9
12062221;23,14
12062220;36,47
12062219;42,8
12062218;48,11
12062217;16,8
12062216;38,9
12062215;19,47
12062214;45,27
12062213;41,20
12062212;21,51
12062211;50,43
12062210;14,53
12062209;33,23
12062208;25,46
12062207;53,16
12062206;34,11
12062205;43,5
12062204;27,44
12062203;44,52
12062202;36,30
12062201;50,16
12062200;52,54
12062199;18,19
12062198;18,35
12062197;25,23
12062196;42,27
12062195;38,17
12062194;24,55
12062193;13,22
12062192;39,35
12062191;53,37
12062190;37,41
12062189;37,22
12062188;26,33
12062187;52,26
12062186;6,44
12062185;47,15
12062184;46,22
12062183;9,53
12062182;5,12
12062181;24,47
12062180;39,18
12062179;44,34
12062178;51,52
12062177;23,45
12062176;43,26
12062175;17,8
12062174;5,35
12062173;18,20
12062172;13,48
12062171;17,35
12062170;25,21
12062169;13,29
12062168;52,55
12062167;37,29
12062166;39,40
12062165;43,6
12062164;11,51
12062163;30,17
12062162;13,8
12062161;36,12
12062160;28,14
12062159;52,55
12062158;16,13
12062157;42,22
12062156;34,35
12062155;50,23
12062154;54,27
12062153;14,19
12062152;18,36
12062151;50,49
12062150;33,9
12062149;4,17
12062148;51,38
12062147;54,47
12062146;31,36
12062145;46,31
12062144;28,23
12062143;40,20
12062142;44,40
12062141;48,39
12062140;42,28
12062139;26,15
12062138;52,10
12062137;49,37
12062136;13,17
12062135;45,34
12062134;23,7
12062133;42,43
12062132;33,20
12062131;23,14
12062130;12,17
12062129;9,6
12062128;51,48
12062127;15,10
12062126;15,43
12062125;4,46
12062124;25,14
12062123;22,40
12062122;54,18
12062121;14,49
12062120;54,51
12062119;50,29
12062118;36,17
12062117;5,10
12062116;18,15
12062115;28,33
12062114;30,4
12062113;5,49
12062112;44,11
12062111;39,18
12062110;53,18
12062109;16,25
12062108;12,19
12062107;9,31
12062106;11,25
12062105;53,20
12062104;45,43
12062103;42,38
12062102;49,54
12062101;41,21
12062100;41,8
12062099;39,40
12062098;30,32
12062097;25,7
12062096;38,41
12062095;27,8
12062094;50,28
12062093;50,27
12062092;38,21
12062091;29,6
12062090;26,6
12062089;13,30
12062088;43,13
12062087;21,47
12062086;54,31
12062085;11,27
12062084;51,33
12062083;15,13
12062082;19,21
12062081;24,32
12062080;50,38
12062079;13,24
12062078;15,20
12062077;23,29
12062076;32,55
12062075;18,22
12062074;51,12
12062073;14,18
12062072;30,38
12062071;29,52
12062070;21,47
12062069;31,39
12062068;27,38
12062067;33,6
12062066;29,52
12062065;37,19
12062064;16,47
12062063;32,5
12062062;18,13
12062061;46,9
12062060;39,43
12062059;5,25
12062058;37,25
12062057;52,24
12062056;36,26
12062055;48,38
12062054;11,31
12062053;21,32
12062052;24,35
12062051;41,38
12062050;28,40
12062049;28,47
12062048;11,22
12062047;55,46
12062046;4,9
12062045;14,30
12062044;13,42
12062043;27,30
12062042;47,12
12062041;46,35
12062040;34,21
12062039;11,49
12062038;6,30
12062037;46,13
12062036;52,41
12062035;31,33
12062034;9,33
12062033;48,43
12062032;21,14
12062031;30,39
12062030;35,15
12062029;15,18
12062028;21,29
12062027;37,39
12062026;6,23
12062025;41,22
12062024;22,20
12062023;45,34
12062022;39,8
12062021;39,54
12062020;52,8
12062019;50,49
12062018;8,18
12062017;53,52
12062016;24,13
12062015;48,55
12062014;47,25
12062013;47,24
12062012;5,52
12062011;52,24
12062010;23,52
12062009;35,31
12062008;17,4
12062007;42,16
12062006;49,15
12062005;13,5
12062004;24,23
12062003;40,34
12062002;37,27
12062001;22,25
12062000;10,51
12061999;13,4
12061998;34,43
12061997;54,14
12061996;17,49
12061995;48,47
12061994;19,43
12061993;52,6
12061992;48,54
12061991;45,16
12061990;21,36
12061989;7,31
12061988;6,47
12061987;14,24
12061986;11,7
12061985;17,25
12061984;35,52
12061983;35,36
12061982;44,6
12061981;29,55
12061980;16,25
12061979;22,40
12061978;54,51
12061977;52,38
12061976;43,48
12061975;30,12
12061974;38,42
12061973;30,12
12061972;25,42
12061971;47,35
12061970;40,29
12061969;39,15
12061968;55,31
12061967;36,39
12061966;8,32
12061965;38,41
12061964;45,48
12061963;35,22
12061962;31,42
12061961;46,19
12061960;33,18
12061959;24,12
12061958;44,25
12061957;5,43
12061956;18,17
12061955;4,20
12061954;18,21
12061953;16,30
12061952;49,36
12061951;47,13
12061950;26,48
12061949;47,52
12061948;33,8
12061947;14,49
12061946;14,13
12061945;44,41
12061944;38,17
12061943;33,49
12061942;35,33
12061941;14,10
12061940;34,48
12061939;52,32
12061938;9,41
12061937;41,5
12061936;46,24
12061935;29,43
12061934;47,34
12061933;23,9
12061932;25,45
12061931;37,43
12061930;28,7
12061929;12,37
12061928;37,6
12061927;14,32
12061926;55,11
12061925;31,5
12061924;55,8
12061923;13,25
12061922;10,7
12061921;50,47
12061920;40,36
12061919;50,34
12061918;33,28
12061917;14,53
12061916;16,19
12061915;52,25
12061914;7,53
12061913;29,46
12061912;10,29
12061911;6,5
12061910;40,27
12061909;10,8
12061908;7,15
12061907;13,29
12061906;52,45
12061905;55,44
12061904;34,39
12061903;26,12
12061902;27,13
12061901;31,17
12061900;38,49
12061899;34,22
12061898;10,48
12061897;50,40
12061896;21,55
12061895;34,15
12061894;47,24
12061893;16,54
12061892;4,26
12061891;5,28
12061890;12,19
12061889;27,6
12061888;48,32
12061887;49,12
12061886;53,41
12061885;33,31
12061884;50,5
12061883;30,37
12061882;10,32
12061881;9,55
12061880;23,31
12061879;11,14
12061878;22,9
12061877;8,10
12061876;51,30
12061875;42,29
12061874;53,39
12061873;35,33
12061872;28,32
12061871;7,28
12061870;31,39
12061869;16,49
12061868;29,49
12061867;36,23
12061866;13,53
12061865;45,19
12061864;6,37
12061863;19,49
12061862;27,5
12061861;55,51
12061860;27,15
12061859;50,27
12061858;46,52
12061857;46,14
12061856;21,55
12061855;25,21
12061854;14,22
12061853;13,34
12061852;29,18
12061851;52,34
12061850;27,9
12061849;54,53
12061848;39,36
12061847;37,38
12061846;39,47
12061845;29,15
12061844;25,34
12061843;42,37
12061842;9,35
12061841;14,34
12061840;26,32
12061839;19,28
12061838;13,45
12061837;28,14
12061836;15,31
12061835;49,30
12061834;23,33
12061833;25,48
12061832;34,40
12061831;14,23
12061830;33,34
12061829;50,18
12061828;43,16
12061827;48,29
12061826;41,44
12061825;48,44
12061824;5,44
12061823;36,40
12061822;15,6
12061821;31,21
12061820;38,28
12061819;21,20
12061818;4,45
12061817;20,49
12061816;35,40
12061815;4,55
12061814;11,14
12061813;10,14
12061812;17,22
12061811;12,25
12061810;48,27
12061809;29,4
12061808;18,4
12061807;17,12
12061806;47,55
12061805;52,19
12061804;47,16
12061803;40,24
12061802;35,9
12061801;34,51
12061800;41,43
12061799;27,32
12061798;6,27
12061797;16,35
12061796;34,4
12061795;5,29
12061794;28,24
12061793;36,11
12061792;44,53
12061791;35,48
12061790;46,15
12061789;41,54
12061788;24,36
12061787;6,19
12061786;30,6
12061785;32,27
12061784;26,13
12061783;48,46
12061782;31,40
12061781;22,4
12061780;33,35
12061779;51,37
12061778;50,14
12061777;5,29
12061776;39,36
12061775;42,38
12061774;9,15
12061773;5,23
12061772;55,31
12061771;46,38
12061770;28,23
12061769;16,17
12061768;49,15
12061767;5,46
12061766;12,18
12061765;44,16
12061764;28,48
12061763;45,50
12061762;42,40
12061761;16,44
12061760;31,13
12061759;46,52
12061758;12,39
12061757;11,20
12061756;35,4
12061755;35,47
12061754;54,25
12061753;5,28
12061752;41,28
12061751;45,23
12061750;7,13
12061749;39,29
12061748;46,51
12061747;48,46
12061746;35,25
12061745;10,43
12061744;32,11
12061743;6,51
12061742;31,35
12061741;25,5
12061740;34,26
12061739;15,20
12061738;9,11
12061737;36,28
12061736;23,22
12061735;16,30
12061734;32,38
12061733;53,29
12061732;5,41
12061731;33,38
12061730;20,42
12061729;19,54
12061728;4,23
12061727;23,50
12061726;42,11
12061725;28,37
12061724;16,48
12061723;55,10
12061722;11,47
12061721;5,6
12061720;33,42
12061719;31,18
12061718;54,53
12061717;6,8
12061716;26,51
12061715;30,26
12061714;43,51
12061713;46,30
12061712;34,21
12061711;51,33
12061710;23,26
12061709;9,28
12061708;40,24
12061707;37,33
12061706;51,34
12061705;41,25
12061704;30,17
12061703;5,25
12061702;24,20
12061701;35,27
12061700;20,18
12061699;13,4
12061698;54,6
12061697;51,23
12061696;48,8
12061695;23,47
12061694;51,26
12061693;36,28
12061692;11,29
12061691;50,40
12061690;39,16
12061689;10,25
12061688;25,30
12061687;43,28
12061686;4,39
12061685;33,5
12061684;25,49
12061683;38,35
12061682;43,53
12061681;26,22
12061680;39,27
12061679;42,10
12061678;49,11
12061677;38,54
12061676;15,23
12061675;12,48
12061674;27,42
12061673;34,17
12061672;34,37
12061671;10,48
12061670;55,9
12061669;24,41
12061668;43,48
12061667;51,33
12061666;51,46
12061665;12,4
12061664;15,55
12061663;46,43
12061662;31,13
12061661;5,44
12061660;48,6
12061659;35,39
12061658;43,12
12061657;46,9
12061656;11,8
12061655;16,39
12061654;42,43
12061653;9,50
12061652;8,9
12061651;5,12
12061650;45,39
12061649;10,42
12061648;5,49
12061647;11,26
12061646;16,52
12061645;29,16
12061644;7,5
12061643;42,39
12061642;15,43
12061641;13,21
12061640;54,43
12061639;23,18
12061638;51,43
12061637;45,23
12061636;48,46
12061635;45,53
12061634;32,23
12061633;10,17
12061632;5,39
12061631;7,36
12061630;15,37
12061629;4,13
12061628;55,16
12061627;37,27
12061626;42,33
12061625;31,38
12061624;43,25
12061623;47,50
12061622;12,35
12061621;19,30
12061620;27,20
12061619;49,53
12061618;23,19
12061617;19,37
12061616;18,10
12061615;20,30
12061614;4,31
12061613;53,28
12061612;21,44
12061611;7,19
12061610;39,27
12061609;48,9
12061608;6,15
12061607;17,44
12061606;46,16
12061605;16,31
12061604;15,47
12061603;22,45
12061602;18,6
12061601;13,19
12061600;24,29
12061599;13,45
12061598;23,27
12061597;39,41
12061596;14,53
12061595;49,53
12061594;9,20
12061593;13,34
12061592;25,24
12061591;49,34
12061590;51,44
12061589;11,28
12061588;46,52
12061587;33,14
12061586;4,16
12061585;5,35
12061584;28,39
12061583;39,48
12061582;26,21
12061581;14,27
12061580;25,28
12061579;46,5
12061578;47,28
12061577;39,5
12061576;4,7
12061575;44,20
12061574;41,8
12061573;52,46
12061572;34,24
12061571;52,20
12061570;39,10
12061569;21,36
12061568;23,45
12061567;54,34
12061566;23,30
12061565;18,35
12061564;51,6
12061563;37,44
12061562;38,32
12061561;50,44
12061560;28,19
12061559;42,55
12061558;30,4
12061557;7,9
12061556;52,7
12061555;9,6
12061554;18,48
12061553;38,9
12061552;42,54
12061551;12,11
12061550;16,17
12061549;33,21
12061548;30,31
12061547;19,54
12061546;38,30
12061545;34,16
12061544;18,6
12061543;43,38
12061542;13,47
12061541;38,49
12061540;34,53
12061539;39,18
12061538;29,39
12061537;41,5
12061536;31,29
12061535;6,41
12061534;11,5
12061533;53,41
12061532;37,16
12061531;12,36
12061530;4,9
12061529;50,47
12061528;29,22
12061527;11,9
12061526;18,41
12061525;40,19
12061524;7,17
12061523;34,51
12061522;13,14
12061521;19,42
12061520;49,43
12061519;8,14
12061518;5,40
12061517;23,31
12061516;54,44
12061515;38,33
12061514;49,21
12061513;37,31
12061512;50,5
12061511;32,38
12061510;44,33
12061509;32,53
12061508;16,28
12061507;23,14
12061506;9,33
12061505;22,8
12061504;6,25
12061503;50,25
12061502;36,38
12061501;21,34
12061500;49,19
12061499;19,22
12061498;9,55
12061497;44,35
12061496;46,29
12061495;23,33
12061494;11,21
12061493;34,47
12061492;45,31
12061491;14,6
12061490;26,5
12061489;14,22
12061488;42,52
12061487;20,6
12061486;18,52
12061485;51,12
12061484;55,20
12061483;19,10
12061482;12,26
12061481;52,19
12061480;38,21
12061479;33,18
12061478;28,8
12061477;27,6
12061476;54,53
12061475;45,16
12061474;20,9
12061473;12,52
12061472;6,33
12061471;42,51
12061470;6,43
12061469;39,40
12061468;7,17
12061467;32,39
12061466;29,42
12061465;53,49
12061464;35,55
12061463;12,25
12061462;14,55
12061461;51,37
12061460;9,37
12061459;51,38
12061458;41,10
12061457;16,4
12061456;50,18
12061455;34,12
12061454;40,29
12061453;14,51
12061452;30,9
12061451;6,52
12061450;44,18
12061449;26,32
12061448;39,51
12061447;42,36
12061446;48,44
12061445;30,45
12061444;14,42
12061443;6,22
12061442;29,36
12061441;34,43
12061440;17,53
12061439;30,48
12061438;55,19
12061437;45,41
12061436;19,20
12061435;33,51
12061434;51,15
12061433;53,9
12061432;30,18
12061431;23,25
12061430;21,27
12061429;35,41
12061428;14,28
12061427;33,45
12061426;45,47
12061425;18,14
12061424;33,24
12061423;29,41
12061422;17,47
12061421;23,21
12061420;52,27
12061419;14,11
12061418;4,7
12061417;14,6
12061416;13,14
12061415;10,17
12061414;46,43
12061413;13,31
12061412;37,9
12061411;55,19
12061410;17,11
12061409;38,23
12061408;47,4
12061407;53,26
12061406;5,53
12061405;36,17
12061404;7,45
12061403;36,11
12061402;19,50
12061401;34,11
12061400;40,48
12061399;38,27
12061398;20,12
12061397;32,17
12061396;10,15
12061395;31,44
12061394;17,26
12061393;16,19
12061392;50,53
12061391;38,39
12061390;13,21
12061389;35,50
12061388;31,9
12061387;28,23
12061386;18,29
12061385;55,6
12061384;10,28
12061383;54,48
12061382;42,6
12061381;10,29
12061380;13,42
12061379;14,23
12061378;4,5
12061377;30,49
12061376;15,43
12061375;37,33
12061374;22,26
12061373;49,46
12061372;33,37
12061371;5,27
12061370;7,33
12061369;45,17
12061368;24,11
12061367;4,36
12061366;8,52
12061365;10,34
12061364;14,35
12061363;24,38
12061362;50,39
12061361;46,26
12061360;51,37
12061359;36,32
12061358;41,37
12061357;10,5
12061356;38,12
12061355;19,18
12061354;53,20
12061353;5,55
12061352;17,27
12061351;4,50
12061350;17,49
12061349;17,38
12061348;29,15
12061347;35,14
12061346;14,23
12061345;13,41
12061344;14,7
12061343;23,50
12061342;30,48
12061341;39,11
12061340;24,25
12061339;24,48
12061338;49,53
12061337;10,44
12061336;30,33
12061335;31,14
12061334;29,16
12061333;42,11
12061332;48,37
12061331;10,6
12061330;22,6
12061329;36,18
12061328;51,38
12061327;5,32
12061326;37,28
12061325;20,15
12061324;48,7
12061323;32,34
12061322;22,38
12061321;51,43
12061320;11,8
12061319;25,9
12061318;30,45
12061317;22,7
12061316;27,37
12061315;53,54
12061314;46,45
12061313;14,51
12061312;43,18
12061311;43,53
12061310;15,30
12061309;26,8
12061308;55,34
12061307;15,32
12061306;49,26
12061305;52,48
12061304;42,45
12061303;23,49
12061302;7,22
12061301;44,26
12061300;36,38
12061299;17,7
12061298;35,34
12061297;52,39
12061296;4,36
12061295;47,55
12061294;53,40
12061293;44,43
12061292;28,34
12061291;37,55
12061290;11,22
12061289;37,26
12061288;21,31
12061287;18,49
12061286;30,20
12061285;22,12
12061284;49,25
12061283;25,21
12061282;54,12
12061281;19,39
12061280;20,7
12061279;43,14
12061278;28,49
12061277;38,48
12061276;35,29
12061275;26,25
12061274;25,6
12061273;54,23
12061272;51,8
12061271;11,26
12061270;8,10
12061269;19,8
12061268;49,54
12061267;5,20
12061266;28,4
12061265;51,8
12061264;31,33
12061263;43,27
12061262;51,33
12061261;35,54
12061260;24,35
12061259;26,37
12061258;34,35
12061257;27,16
12061256;26,32
12061255;28,11
12061254;48,29
12061253;52,30
12061252;53,39
12061251;6,23
12061250;27,15
12061249;26,36
12061248;38,52
12061247;14,35
12061246;4,30
12061245;11,27
12061244;29,26
12061243;36,18
12061242;48,19
12061241;26,33
12061240;11,46
12061239;10,55
12061238;10,53
12061237;6,7
12061236;38,14
12061235;45,28
12061234;48,22
12061233;39,53
12061232;35,19
12061231;21,41
12061230;19,7
12061229;18,36
12061228;38,51
12061227;8,45
12061226;10,26
12061225;9,23
12061224;40,22
12061223;33,23
12061222;50,42
12061221;40,10
12061220;14,27
12061219;20,42
12061218;45,9
12061217;12,24
12061216;26,10
12061215;52,7
12061214;48,27
12061213;17,50
12061212;53,50
12061211;41,16
12061210;18,13
12061209;17,36
12061208;45,33
12061207;7,14
12061206;46,25
12061205;13,21
12061204;9,16
12061203;45,27
12061202;39,34
12061201;43,41
12061200;12,37
12061199;14,23
12061198;25,30
12061197;44,55
12061196;22,44
12061195;40,26
12061194;52,29
12061193;53,7
12061192;55,14
12061191;5,43
12061190;46,21
12061189;41,54
12061188;35,39
12061187;18,4
12061186;54,36
12061185;16,23
12061184;30,10
12061183;9,52
12061182;54,49
12061181;11,14
12061180;47,9
12061179;41,4
12061178;13,39
12061177;8,50
12061176;36,13
12061175;33,51
12061174;33,48
12061173;8,36
12061172;46,54
12061171;21,51
12061170;14,43
12061169;21,42
12061168;33,28
12061167;50,5
12061166;24,15
12061165;54,41
12061164;37,15
12061163;20,9
12061162;42,10
12061161;55,6
12061160;4,53
12061159;20,19
12061158;39,7
12061157;20,29
12061156;51,22
12061155;45,21
12061154;24,6
12061153;49,46
12061152;32,30
12061151;10,51
12061150;29,45
12061149;36,31
12061148;25,12
12061147;14,24
12061146;47,55
12061145;55,36
12061144;19,52
12061143;26,18
12061142;8,46
12061141;52,33
12061140;27,47
12061139;5,24
12061138;46,12
12061137;35,27
12061136;35,37
12061135;30,22
12061134;33,46
12061133;15,48
12061132;50,9
12061131;9,42
12061130;38,23
12061129;11,29
12061128;24,41
12061127;16,23
12061126;41,6
12061125;21,48
12061124;23,41
12061123;46,21
12061122;31,11
12061121;10,16
12061120;53,7
12061119;24,37
12061118;28,22
12061117;41,26
12061116;17,16
12061115;13,16
12061114;24,33
12061113;48,28
12061112;27,17
12061111;52,38
12061110;7,46
12061109;10,18
12061108;44,19
12061107;27,9
12061106;27,19
12061105;31,18
12061104;28,32
12061103;39,35
12061102;31,28
12061101;39,31
12061100;10,5
12061099;16,37
12061098;39,47
12061097;7,5
12061096;36,4
12061095;28,45
12061094;13,30
12061093;52,35
12061092;31,25
12061091;12,39
12061090;44,54
12061089;37,13
12061088;42,37
12061087;32,43
12061086;22,7
12061085;31,42
12061084;9,31
12061083;51,34
12061082;17,31
12061081;18,10
12061080;50,19
12061079;44,49
12061078;27,54
12061077;23,17
12061076;7,30
12061075;24,41
12061074;37,5
12061073;18,32
12061072;41,11
12061071;52,23
12061070;55,38
12061069;27,28
12061068;23,14
12061067;39,47
12061066;16,38
12061065;48,52
12061064;27,32
12061063;48,16
12061062;28,29
12061061;54,28
12061060;32,36
12061059;9,15
12061058;7,16
12061057;13,23
12061056;9,51
12061055;43,16
12061054;14,49
12061053;44,24
12061052;37,33
12061051;51,4
12061050;13,33
12061049;42,33
12061048;48,18
12061047;26,24
12061046;12,44
12061045;11,22
12061044;34,27
12061043;21,15
12061042;23,31
12061041;4,25
12061040;40,27
12061039;11,25
12061038;40,18
12061037;28,14
12061036;20,16
12061035;51,9
12061034;21,19
12061033;51,7
12061032;16,8
12061031;23,50
12061030;18,14
12061029;19,8
12061028;9,8
12061027;47,21
12061026;31,14
12061025;7,49
12061024;32,34
12061023;55,18
12061022;32,43
12061021;6,20
12061020;34,21
12061019;6,36
12061018;42,5
12061017;29,22
12061016;20,46
12061015;21,15
12061014;15,20
12061013;31,26
12061012;21,27
12061011;37,21
12061010;49,7
12061009;45,37
12061008;21,54
12061007;45,38
12061006;18,41
12061005;14,38
12061004;34,11
12061003;52,8
12061002;52,39
12061001;43,40
12061000;54,31
12060999;44,21
12060998;49,9
12060997;9,20
12060996;14,26
12060995;49,21
12060994;5,50
12060993;6,20
12060992;23,39
12060991;48,34
12060990;45,28
12060989;49,11
12060988;22,54
12060987;41,10
12060986;15,23
12060985;37,11
12060984;4,32
12060983;27,7
12060982;53,13
12060981;27,45
12060980;37,4
12060979;34,16
12060978;33,29
12060977;24,25
12060976;32,48
12060975;41,19
12060974;44,23
12060973;38,18
12060972;23,4
12060971;22,53
12060970;31,13
12060969;12,37
12060968;42,35
12060967;37,18
12060966;47,16
12060965;19,30
12060964;19,47
12060963;10,4
12060962;25,35
12060961;12,24
12060960;40,54
12060959;32,37
12060958;42,12
12060957;18,15
12060956;21,14
12060955;22,5
12060954;4,55
12060953;22,32
12060952;31,23
12060951;5,24
12060950;25,15
12060949;16,17
12060948;24,34
12060947;26,30
12060946;40,48
12060945;13,10
12060944;25,23
12060943;35,45
12060942;20,52
12060941;4,20
12060940;53,43
12060939;17,31
12060938;52,28
12060937;50,40
12060936;4,5
12060935;7,27
12060934;28,21
12060933;48,49
12060932;4,25
12060931;39,16
12060930;19,22
12060929;25,18
12060928;23,32
12060927;24,41
12060926;18,26
12060925;55,39
12060924;19,45
12060923;37,34
12060922;50,30
12060921;43,36
12060920;43,16
12060919;14,42
12060918;29,16
12060917;50,7
12060916;55,14
12060915;35,47
12060914;41,46
12060913;43,46
12060912;18,48
12060911;5,12
12060910;6,24
12060909;13,21
12060908;4,53
12060907;50,28
12060906;42,23
12060905;52,33
12060904;40,27
12060903;41,15
12060902;50,5
12060901;11,4
12060900;34,27
12060899;54,43
12060898;40,6
12060897;12,49
12060896;35,27
12060895;8,42
12060894;51,26
12060893;4,47
12060892;46,21
12060891;20,14
12060890;41,45
12060889;45,48
12060888;17,7
12060887;38,37
12060886;17,49
12060885;16,9
12060884;14,50
12060883;46,51
12060882;27,28
12060881;48,51
12060880;7,8
12060879;43,24
12060878;6,14
12060877;54,13
12060876;42,53
12060875;33,12
12060874;52,14
12060873;14,40
12060872;28,12
12060871;52,7
12060870;28,22
12060869;27,55
12060868;26,8
12060867;28,44
12060866;43,52
12060865;15,9
12060864;53,4
12060863;47,14
12060862;40,14
12060861;37,42
12060860;23,55
12060859;47,50
12060858;5,19
12060857;19,15
12060856;18,24
12060855;20,16
12060854;12,5
12060853;50,13
12060852;22,53
12060851;55,46
12060850;29,14
12060849;33,54
12060848;30,12
12060847;20,10
12060846;35,6
12060845;34,50
12060844;48,31
12060843;32,34
12060842;9,24
12060841;12,11
12060840;29,54
12060839;7,6
12060838;54,6
12060837;43,47
12060836;48,21
12060835;33,9
12060834;17,50
12060833;12,30
12060832;53,42
12060831;10,55
12060830;12,49
12060829;38,31
12060828;16,30
12060827;21,43
12060826;11,17
12060825;51,21
12060824;24,52
12060823;44,52
12060822;14,27
12060821;10,4
12060820;48,8
12060819;47,55
12060818;13,22
12060817;47,54
12060816;37,13
12060815;15,41
12060814;38,34
12060813;38,6
12060812;5,51
12060811;35,41
12060810;36,10
12060809;22,18
12060808;49,53
12060807;46,35
12060806;29,55
12060805;55,17
12060804;54,5
12060803;45,10
12060802;5,41
12060801;10,38
12060800;40,5
12060799;18,7
12060798;51,33
12060797;53,19
12060796;11,29
12060795;46,27
12060794;52,11
12060793;20,6
12060792;9,50
12060791;12,6
12060790;25,39
12060789;24,23
12060788;22,11
12060787;16,42
12060786;30,15
12060785;49,46
12060784;18,27
12060783;40,37
12060782;24,25
12060781;42,6
12060780;25,34
12060779;54,28
12060778;45,52
12060777;49,31
12060776;49,25
12060775;11,38
12060774;14,52
12060773;21,16
12060772;33,16
12060771;26,36
12060770;32,6
12060769;9,6
12060768;29,15
12060767;11,15
12060766;45,43
12060765;23,54
12060764;32,52
12060763;20,40
12060762;22,35
12060761;53,30
12060760;23,54
12060759;21,30
12060758;35,33
12060757;19,43
12060756;14,36
12060755;50,7
12060754;37,38
12060753;52,39
12060752;24,12
12060751;55,11
12060750;46,27
12060749;28,24
12060748;45,9
12060747;23,20
12060746;20,30
12060745;32,55
12060744;28,52
12060743;11,21
12060742;23,28
12060741;9,29
12060740;10,42
12060739;14,23
12060738;41,37
12060737;55,27
12060736;20,7
12060735;7,44
12060734;35,37
12060733;7,54
12060732;54,20
12060731;29,9
12060730;5,8
12060729;12,50
12060728;14,55
12060727;19,41
12060726;46,5
12060725;32,43
12060724;32,49
12060723;17,29
12060722;32,26
12060721;9,5
12060720;18,29
12060719;12,37
12060718;18,31
12060717;23,6
12060716;32,42
12060715;14,21
12060714;20,48
12060713;19,32
12060712;42,51
12060711;38,16
12060710;15,40
12060709;10,39
12060708;51,47
12060707;29,43
12060706;55,37
12060705;53,21
12060704;39,33
12060703;23,20
12060702;31,20
12060701;52,27
12060700;42,11
12060699;25,24
12060698;13,48
12060697;28,42
12060696;7,34
12060695;23,12
12060694;39,4
12060693;39,11
12060692;46,12
12060691;43,5
12060690;43,31
12060689;7,35
12060688;23,4
12060687;34,48
12060686;6,36
12060685;33,36
12060684;30,17
12060683;29,54
12060682;31,40
12060681;9,14
12060680;16,52
12060679;11,16
12060678;4,51
12060677;32,55
12060676;35,54
12060675;11,12
12060674;38,43
12060673;20,51
12060672;48,13
12060671;23,41
12060670;26,34
12060669;7,8
12060668;20,29
12060667;55,11
12060666;4,27
12060665;21,42
12060664;29,53
12060663;37,28
12060662;25,45
12060661;6,22
12060660;38,33
12060659;22,39
12060658;29,48
12060657;10,54
12060656;28,53
12060655;33,20
12060654;43,22
12060653;35,7
12060652;19,42
12060651;16,10
12060650;15,26
12060649;51,12
12060648;30,17
12060647;34,9
12060646;55,21
12060645;8,4
12060644;26,19
12060643;25,55
12060642;21,34
12060641;18,45
12060640;20,7
12060639;30,36
12060638;11,23
12060637;10,50
12060636;8,7
12060635;10,30
12060634;38,53
12060633;20,9
12060632;20,17
12060631;22,17
12060630;35,16
12060629;54,33
12060628;40,21
12060627;7,30
12060626;44,25
12060625;22,10
12060624;36,32
12060623;39,42
12060622;18,22
12060621;51,31
12060620;25,22
12060619;53,22
12060618;26,12
12060617;29,15
12060616;17,13
12060615;19,10
12060614;17,44
12060613;26,40
12060612;44,43
12060611;40,27
12060610;50,16
12060609;36,45
12060608;31,43
12060607;38,41
12060606;49,15
12060605;53,22
12060604;39,8
12060603;13,34
12060602;19,28
12060601;22,55
12060600;45,22
12060599;21,28
12060598;33,16
12060597;38,4
12060596;31,11
12060595;46,47
12060594;55,35
12060593;28,44
12060592;50,43
12060591;27,44
12060590;12,34
12060589;16,24
12060588;11,40
12060587;52,12
12060586;35,52
12060585;16,8
12060584;15,37
12060583;21,8
12060582;31,39
12060581;22,48
12060580;44,33
12060579;4,32
12060578;26,4
12060577;49,29
12060576;23,5
12060575;37,49
12060574;17,4
12060573;12,52
12060572;14,13
12060571;47,24
12060570;12,36
12060569;5,33
12060568;18,11
12060567;26,24
12060566;44,53
12060565;39,8
12060564;24,32
12060563;21,36
12060562;46,40
12060561;22,8
12060560;7,33
12060559;24,44
12060558;14,11
12060557;29,54
12060556;10,34
12060555;34,18
12060554;29,5
12060553;49,45
12060552;9,35
12060551;48,31
12060550;19,35
12060549;12,27
12060548;43,33
12060547;40,8
12060546;20,55
12060545;35,23
12060544;44,29
12060543;48,10
12060542;15,46
12060541;38,43
12060540;51,40
12060539;41,49
12060538;6,50
12060537;20,15
12060536;22,4
12060535;24,28
12060534;47,43
12060533;19,20
12060532;4,21
12060531;47,11
12060530;15,44
12060529;49,8
12060528;42,4
12060527;32,16
12060526;13,48
12060525;37,30
12060524;30,16
12060523;41,34
12060522;55,24
12060521;7,52
12060520;42,16
12060519;26,20
12060518;22,44
12060517;40,6
12060516;43,51
12060515;18,49
12060514;38,17
12060513;31,5
12060512;41,28
12060511;43,11
12060510;18,49
12060509;24,46
12060508;48,20
12060507;11,34
12060506;20,22
12060505;49,13
12060504;52,17
12060503;35,40
12060502;52,12
12060501;38,52
12060500;30,38
12060499;9,16
12060498;43,36
12060497;10,54
12060496;37,35
12060495;24,23
12060494;50,48
12060493;42,44
12060492;10,23
12060491;47,51
12060490;46,47
12060489;49,9
12060488;49,36
12060487;17,22
12060486;36,6
12060485;26,47
12060484;4,50
12060483;28,22
12060482;35,12
12060481;34,15
12060480;36,26
12060479;7,43
12060478;17,49
12060477;47,38
12060476;6,34
12060475;32,24
12060474;20,51
12060473;7,23
12060472;28,23
12060471;54,18
12060470;42,30
12060469;15,28
12060468;26,53
12060467;25,17
12060466;24,29
12060465;14,20
12060464;50,53
12060463;23,19
12060462;24,39
12060461;37,14
12060460;46,42
12060459;7,22
12060458;39,19
12060457;28,9
12060456;46,33
12060455;48,37
12060454;46,33
12060453;22,15
12060452;21,4
12060451;27,36
12060450;7,43
12060449;42,26
12060448;52,39
12060447;12,40
12060446;48,17
12060445;4,17
12060444;20,28
12060443;38,41
12060442;49,11
12060441;40,4
12060440;14,6
12060439;11,18
12060438;47,37
12060437;31,25
12060436;37,21
12060435;13,28
12060434;46,35
12060433;21,38
12060432;20,47
12060431;55,16
12060430;17,45
12060429;18,25
12060428;18,55
12060427;5,9
12060426;24,41
12060425;38,52
12060424;7,26
12060423;12,5
12060422;49,5
12060421;25,52
12060420;8,24
12060419;49,33
12060418;14,53
12060417;11,41
12060416;24,5
12060415;38,7
12060414;6,25
12060413;29,21
12060412;25,48
12060411;23,46
12060410;16,8
12060409;44,4
12060408;19,31
12060407;17,47
12060406;30,28
12060405;24,38
12060404;24,49
12060403;4,8
12060402;23,7
12060401;14,52
12060400;28,44
12060399;20,21
12060398;26,28
12060397;11,18
12060396;26,25
12060395;49,39
12060394;41,30
12060393;43,17
12060392;18,55
12060391;11,9
12060390;29,8
12060389;40,15
12060388;33,44
12060387;11,10
12060386;34,48
12060385;9,46
12060384;55,53
12060383;22,45
12060382;51,33
12060381;17,5
12060380;14,36
12060379;21,38
12060378;18,26
12060377;43,10
12060376;23,21
12060375;18,30
12060374;48,47
12060373;25,31
12060372;23,7
12060371;30,12
12060370;12,50
12060369;26,33
12060368;35,28
12060367;7,23
12060366;48,35
12060365;53,10
12060364;13,51
12060363;28,45
12060362;9,39
12060361;44,50
12060360;6,29
12060359;54,21
12060358;13,42
12060357;52,24
12060356;6,49
12060355;45,40
12060354;23,7
12060353;19,46
12060352;47,43
12060351;28,40
12060350;11,27
12060349;11,24
12060348;19,7
12060347;24,30
12060346;47,14
12060345;38,24
12060344;21,38
12060343;52,50
12060342;27,30
12060341;19,25
12060340;36,29
12060339;43,51
12060338;29,23
12060337;16,34
12060336;15,39
12060335;37,6
12060334;20,31
12060333;46,33
12060332;34,47
12060331;42,48
12060330;19,26
12060329;33,53
12060328;13,33
12060327;6,42
12060326;9,40
12060325;15,50
12060324;51,16
12060323;40,18
12060322;42,37
12060321;13,28
12060320;27,19
12060319;36,48
12060318;51,43
12060317;12,16
12060316;33,25
12060315;23,46
12060314;23,7
12060313;46,17
12060312;36,38
12060311;17,50
12060310;22,10
12060309;32,54
12060308;38,48
12060307;23,14
12060306;28,13
12060305;21,46
12060304;46,37
12060303;49,22
12060302;11,23
12060301;28,53
12060300;8,43
12060299;31,49
12060298;26,35
12060297;22,39
12060296;50,21
12060295;28,39
12060294;14,47
12060293;26,9
12060292;39,20
12060291;34,15
12060290;35,24
12060289;48,9
12060288;44,46
12060287;7,13
12060286;19,27
12060285;28,23
12060284;44,21
12060283;35,55
12060282;40,50
12060281;25,53
12060280;8,12
12060279;12,27
12060278;21,11
12060277;54,38
12060276;48,47
12060275;37,44
12060274;53,17
12060273;45,25
12060272;35,40
12060271;22,53
12060270;45,10
12060269;28,30
12060268;8,27
12060267;18,35
12060266;53,41
12060265;43,45
12060264;17,5
12060263;45,55
12060262;21,10
12060261;12,54
12060260;36,28
12060259;29,7
12060258;42,19
12060257;7,12
12060256;39,48
12060255;14,7
12060254;52,19
12060253;31,7
12060252;45,40
12060251;26,42
12060250;26,38
12060249;16,47
12060248;22,19
12060247;51,30
12060246;46,27
12060245;5,37
12060244;34,54
12060243;10,24
12060242;19,28
12060241;51,42
12060240;41,23
12060239;50,9
12060238;47,39
12060237;46,15
12060236;11,30
12060235;4,8
12060234;45,17
12060233;43,40
12060232;23,12
12060231;22,14
12060230;42,33
12060229;15,34
12060228;35,52
12060227;23,24
12060226;49,44
12060225;35,20
12060224;30,43
12060223;25,27
12060222;11,8
12060221;35,51
12060220;44,8
12060219;47,17
12060218;8,38
12060217;50,52
12060216;14,5
12060215;16,4
12060214;27,22
12060213;45,19
12060212;22,44
12060211;22,8
12060210;37,40
12060209;28,7
12060208;44,42
12060207;16,28
12060206;26,25
12060205;33,10
12060204;18,15
12060203;40,12
12060202;13,19
12060201;14,32
12060200;37,28
12060199;48,17
12060198;36,39
12060197;55,16
12060196;33,46
12060195;43,53
12060194;40,32
12060193;12,23
12060192;39,55
12060191;20,40
12060190;9,10
12060189;10,40
12060188;32,18
12060187;24,38
12060186;11,5
12060185;52,45
12060184;49,25
12060183;5,44
12060182;7,55
12060181;12,37
12060180;34,19
12060179;30,10
12060178;27,52
12060177;40,4
12060176;18,43
12060175;33,51
12060174;48,17
12060173;34,26
12060172;41,21
12060171;23,13
12060170;13,29
12060169;13,31
12060168;15,9
12060167;22,39
12060166;13,26
12060165;27,38
12060164;4,9
12060163;21,42
12060162;38,19
12060161;30,36
12060160;11,16
12060159;6,27
12060158;27,46
12060157;30,18
12060156;6,17
12060155;51,12
12060154;44,27
12060153;24,36
12060152;26,14
12060151;55,30
12060150;12,22
12060149;7,45
12060148;37,33
12060147;49,30
12060146;11,45
12060145;25,39
12060144;12,46
12060143;30,23
12060142;17,37
12060141;49,5
12060140;18,10
12060139;42,17
12060138;18,53
12060137;15,50
12060136;17,11
12060135;38,49
12060134;7,21
12060133;38,53
12060132;19,51
12060131;11,8
12060130;42,9
12060129;23,43
12060128;37,52
12060127;41,20
12060126;24,38
12060125;21,53
12060124;7,55
12060123;31,21
12060122;24,16
12060121;17,33
12060120;20,8
12060119;54,19
12060118;54,45
12060117;25,11
12060116;45,4
12060115;47,54
12060114;23,52
12060113;42,19
12060112;54,14
12060111;54,41
12060110;47,11
12060109;31,35
12060108;37,42
12060107;42,19
12060106;4,22
12060105;28,46
12060104;34,7
12060103;8,18
12060102;39,29
12060101;42,53
12060100;21,27
12060099;36,20
12060098;54,17
12060097;18,10
12060096;27,26
12060095;20,12
12060094;53,32
12060093;9,52
12060092;54,23
12060091;46,20
12060090;18,43
12060089;28,44
12060088;51,43
12060087;4,9
12060086;28,48
12060085;20,16
12060084;10,4
12060083;5,40
12060082;6,29
12060081;40,24
12060080;38,51
12060079;9,41
12060078;22,8
12060077;52,49
12060076;16,8
12060075;34,21
12060074;5,28
12060073;40,48
12060072;50,6
12060071;17,30
12060070;15,9
12060069;34,15
12060068;54,45
12060067;13,17
12060066;52,21
12060065;30,23
12060064;18,52
12060063;34,32
12060062;15,29
12060061;54,36
12060060;29,37
12060059;15,20
12060058;52,46
12060057;4,44
12060056;10,24
12060055;13,29
12060054;48,43
12060053;24,16
12060052;7,34
12060051;54,29
12060050;26,21
12060049;10,53
12060048;33,4
12060047;20,41
12060046;32,5
12060045;20,51
12060044;48,44
12060043;55,23
12060042;45,5
12060041;37,49
12060040;49,53
12060039;38,30
12060038;49,44
12060037;10,40
12060036;19,47
12060035;33,14
12060034;42,16
12060033;19,5
12060032;50,6
12060031;13,25
12060030;10,43
12060029;54,18
12060028;38,26
12060027;31,10
12060026;24,10
12060025;28,34
12060024;12,26
12060023;40,25
12060022;46,36
12060021;43,28
12060020;17,13
12060019;5,8
12060018;42,46
12060017;18,43
12060016;46,7
12060015;51,27
12060014;9,33
12060013;47,25
12060012;38,13
12060011;52,19
12060010;32,12
12060009;14,55
12060008;25,10
12060007;6,30
12060006;14,28
12060005;15,4
12060004;34,43
12060003;32,23
12060002;53,51
12060001;14,50
12052876;46,26
12052875;36,22
12052874;27,32
12052873;5,44
12052872;52,11
12052871;10,40
12052870;4,50
12052869;10,34
12052868;9,45
12052867;34,30
12052866;53,14
12052865;9,12
12052864;46,42
12052863;35,21
12052862;51,29
12052861;30,34
12052860;35,28
12052859;42,8
12052858;53,12
12052857;37,25
12052856;55,13
12052855;35,17
12052854;20,18
12052853;44,9
12052852;17,25
12052851;38,24
12052850;37,23
12052849;35,5
12052848;19,5
12052847;24,10
12052846;16,19
12052845;45,7
12052844;28,31
12052843;42,24
12052842;4,52
12052841;48,25
12052840;32,36
12052839;17,10
12052838;22,15
12052837;6,7
12052836;12,11
12052835;27,31
12052834;21,17
12052833;28,22
12052832;40,54
12052831;42,46
12052830;20,42
12052829;13,52
12052828;17,4
12052827;27,37
12052826;41,12
12052825;22,48
12052824;19,30
12052823;9,43
12052822;18,37
12052821;28,40
12052820;45,4
12052819;25,34
12052818;47,13
12052817;39,51
12052816;7,26
12052815;48,24
12052814;35,23
12052813;28,21
12052812;52,27
12052811;51,16
12052810;41,37
12052809;42,36
12052808;38,54
12052807;40,43
12052806;51,49
12052805;50,14
12052804;42,53
12052803;18,21
12052802;45,5
12052801;51,52
12052800;47,39
12052799;36,33
12052798;17,20
12052797;53,7
12052796;52,12
12052795;17,49
12052794;17,21
12052793;4,53
12052792;11,6
12052791;32,36
12052790;39,7
12052789;11,45
12052788;23,8
12052787;32,10
12052786;19,44
12052785;37,15
12052784;6,49
12052783;38,29
12052782;23,7
12052781;44,12
12052780;34,46
12052779;11,4
12052778;52,5
12052777;46,23
12052776;46,18
12052775;20,44
12052774;46,23
12052773;19,28
12052772;32,44
12052771;53,24
12052770;35,20
12052769;54,30
12052768;6,35
12052767;22,9
12052766;16,17
12052765;6,13
12052764;53,34
12052763;28,45
12052762;16,25
12052761;23,7
12052760;48,14
12052759;22,23
12052758;41,14
12052757;55,44
12052756;44,27
12052755;16,8
12052754;15,36
12052753;37,17
12052752;7,48
12052751;7,21
12052750;21,13
12052749;37,52
12052748;26,24
12052747;47,50
12052746;19,29
12052745;14,21
12052744;32,43
12052743;9,27
12052742;9,26
12052741;23,18
12052740;45,19
12052739;47,27
12052738;10,15
12052737;50,38
12052736;4,13
12052735;20,4
12052734;45,17
12052733;39,6
12052732;25,33
12052731;31,36
12052730;47,41
12052729;13,22
12052728;19,8
12052727;48,27
12052726;33,50
12052725;19,14
12052724;49,14
12052723;5,17
12052722;42,26
12052721;29,12
12052720;8,5
12052719;17,19
12052718;48,21
12052717;45,7
12052716;50,26
12052715;36,22
12052714;20,16
12052713;14,20
12052712;7,50
12052711;52,10
12052710;41,32
12052709;22,33
12052708;45,26
12052707;18,52
12052706;35,38
12052705;21,51
12052704;19,54
12052703;7,54
12052702;46,45
12052701;27,41
12052700;29,34
12052699;12,5
12052698;31,9
12052697;4,54
12052696;55,14
12052695;46,18
12052694;35,17
12052693;39,24
12052692;36,7
12052691;44,18
12052690;29,14
12052689;46,26
12052688;27,21
12052687;36,40
12052686;52,6
12052685;30,45
12052684;15,9
12052683;17,31
12052682;49,7
12052681;15,47
12052680;12,10
12052679;44,32
12052678;46,54
12052677;40,25
12052676;17,37
12052675;30,15
12052674;6,42
12052673;35,14
12052672;32,27
12052671;26,30
12052670;16,21
12052669;52,51
12052668;25,41
12052667;52,50
12052666;21,36
12052665;53,33
12052664;45,24
12052663;15,46
12052662;24,29
12052661;39,53
12052660;30,35
12052659;39,13
12052658;52,48
12052657;35,43
12052656;18,5
12052655;31,26
12052654;37,11
12052653;53,45
12052652;26,27
12052651;48,33
12052650;9,48
12052649;5,40
12052648;26,44
12052647;25,35
12052646;16,35
12052645;54,50
12052644;37,9
12052643;15,24
12052642;8,12
12052641;13,41
12052640;27,49
12052639;41,37
12052638;50,20
12052637;47,18
12052636;31,25
12052635;18,10
12052634;51,40
12052633;10,49
12052632;7,30
12052631;10,22
12052630;9,15
12052629;50,51
12052628;10,38
12052627;29,4
12052626;9,26
12052625;46,12
12052624;5,15
12052623;37,42
12052622;13,39
12052621;38,9
12052620;32,40
12052619;46,10
12052618;48,15
12052617;34,26
12052616;4,31
12052615;49,19
12052614;51,42
12052613;17,35
12052612;28,55
12052611;48,6
12052610;46,19
12052609;6,40
12052608;33,18
12052607;41,29
12052606;23,46
12052605;13,6
12052604;12,47
12052603;50,22
12052602;39,6
12052601;26,12
12052600;12,55
12052599;21,51
12052598;18,16
12052597;39,55
12052596;52,16
12052595;48,41
12052594;10,41
12052593;43,55
12052592;20,34
12052591;55,41
12052590;21,34
12052589;17,13
12052588;32,8
12052587;37,45
12052586;10,13
12052585;50,27
12052584;37,50
12052583;17,42
12052582;11,32
12052581;26,35
12052580;42,48
12052579;28,41
12052578;43,44
12052577;48,22
12052576;15,51
12052575;14,37
12052574;54,48
12052573;46,25
12052572;29,49
12052571;50,42
12052570;7,31
12052569;35,34
12052568;6,33
12052567;54,6
12052566;24,18
12052565;15,8
12052564;55,20
12052563;4,50
12052562;22,41
12052561;25,20
12052560;38,8
12052559;29,11
12052558;41,26
12052557;10,54
12052556;39,42
12052555;47,42
12052554;30,54
12052553;15,37
12052552;29,46
12052551;30,47
12052550;19,52
12052549;38,6
12052548;6,14
12052547;27,30
12052546;4,5
12052545;49,21
12052544;34,54
12052543;43,6
12052542;50,21
12052541;28,4
12052540;12,33
12052539;34,22
12052538;37,47
12052537;5,33
12052536;54,8
12052535;24,55
12052534;45,43
12052533;28,45
12052532;34,16
12052531;39,31
12052530;4,19
12052529;15,19
12052528;46,13
12052527;40,39
12052526;55,24
12052525;15,50
12052524;55,32
12052523;33,50
12052522;54,45
12052521;41,19
12052520;28,53
12052519;45,54
12052518;22,12
12052517;9,12
12052516;48,21
12052515;51,28
12052514;5,28
12052513;16,12
12052512;17,46
12052511;34,11
12052510;8,50
12052509;44,10
12052508;18,52
12052507;32,21
12052506;40,13
12052505;19,7
12052504;51,26
12052503;18,40
12052502;18,4
12052501;28,25
12052500;36,53
12052499;19,54
12052498;27,51
12052497;55,27
12052496;28,17
12052495;53,20
12052494;16,21
12052493;39,25
12052492;9,50
12052491;37,41
12052490;15,43
12052489;42,32
12052488;36,38
12052487;17,30
12052486;44,13
12052485;10,27
12052484;6,8
12052483;14,15
12052482;14,40
12052481;46,4
12052480;47,54
12052479;25,31
12052478;29,13
12052477;6,30
12052476;55,23
12052475;16,37
12052474;53,43
12052473;50,55
12052472;38,19
12052471;54,24
12052470;52,43
12052469;53,16
12052468;11,46
12052467;41,5
12052466;26,18
12052465;27,48
12052464;47,11
12052463;33,24
12052462;15,24
12052461;15,13
12052460;33,8
12052459;11,52
12052458;11,47
12052457;52,31
12052456;45,52
12052455;54,35
12052454;9,36
12052453;38,6
12052452;20,12
12052451;21,48
12052450;50,15
12052449;24,7
12052448;40,32
12052447;18,7
12052446;43,14
12052445;15,46
12052444;11,27
12052443;27,11
12052442;31,55
12052441;5,42
12052440;26,19
12052439;47,43
12052438;34,37
12052437;37,7
12052436;30,20
12052435;33,51
12052434;36,31
12052433;23,4
12052432;20,4
12052431;48,42
12052430;17,24
12052429;6,17
12052428;39,11
12052427;15,46
12052426;17,13
12052425;38,27
12052424;44,34
12052423;7,44
12052422;24,9
12052421;6,16
12052420;13,36
12052419;49,41
12052418;16,9
12052417;27,12
12052416;4,50
12052415;11,38
12052414;16,30
12052413;12,14
12052412;48,27
12052411;10,5
12052410;54,53
12052409;18,54
12052408;46,32
12052407;25,36
12052406;31,16
12052405;35,39
12052404;25,23
12052403;34,24
12052402;47,50
12052401;19,27
12052400;51,19
12052399;4,42
12052398;53,41
12052397;45,10
12052396;35,27
12052395;24,18
12052394;35,51
12052393;39,12
12052392;34,24
12052391;26,23
12052390;14,33
12052389;46,37
12052388;43,53
12052387;21,25
12052386;15,23
12052385;9,30
12052384;26,42
12052383;26,11
12052382;21,25
12052381;29,37
12052380;16,6
12052379;26,16
12052378;27,5
12052377;9,8
12052376;17,49
12052375;20,54
12052374;25,29
12052373;14,5
12052372;44,18
12052371;9,36
12052370;45,14
12052369;27,7
12052368;6,39
12052367;46,31
12052366;37,16
12052365;20,15
12052364;31,43
12052363;5,20
12052362;12,15
12052361;46,38
12052360;20,36
12052359;4,26
12052358;50,11
12052357;18,33
12052356;14,54
12052355;16,46