76502536
93624549
47502856
71175447
66530373
37735601
15780194
57290854
44733172
21183117
94815703
71641369
50172436
96788012
15588864
81085662
44781211
38252079
60297693
88256648
53070580
33454878
31858584
33646995
37719985
32399444
67416669
65857934
58541468
82051926
95517891
75878761
18028076
21604360
41485968
37762349
41040837
49847790
50759217
27397254
88184217
85234087
14390943
25183635
72903183
18893462
34292771
36001819
48106408
11379116
18339049
40192714
28208187
88033340
55897653
32901870
98060669
94666742
68932177
83364836
79672838
16740658
79441370
13463325
21182934
69014625
33134086
26018465
76507071
77322694
29419541
28030228
95976817
94324483
71945158
32593258
22862857
34716963
24664766
82021102
85068549
69243168
94501571
14127766
25933393
71512592
24441736
38259986
89263379
80741230
46525024
19440398
16967135
21942686
68961203
65015392
19934240
56488743
42581496
87669025
68355079
74639930
21395254
49876124
16974321
90604311
69443215
70467268
60705192
66191529
64229073
57613240
63958888
66048923
63323734
40386491
42955973
25646455
91409925
46494492
55293238
82386464
38675709
97988116
89327318
13547162
56869776
21221717
52826194
81979541
97403220
19084877
26870015
34362292
97606751
89476195
57231451
20368868
67085324
20606527
13179986
82153960
76641548
55141106
82205113
30636264
91634413
81374428
93520783
65216403
31841496
93191444
19248855
82098910
92573468
20299188
58419371
52821572
23957250
14298084
26305999
77602408
73920024
93868964
56122691
80417934
23845078
27287129
34124798
39549731
19728202
61024324
52226407
82661329
95720140
20095878
18958093
84596689
88266841
84974365
10800483
23605989
36483749
12635681
33564590
18468472
63206112
91109116
88614679
21483061
38104784
55579046
68103413
70534016
53250210
15585627
55937830
97994097
72231058
87252649
33682376
74212819