228000027336237
228000027336238
228000027336239
228000027336240
228000027336241
228000027336242
228000027336243
228000027336244
228000027336245
228000027336318
228000027336319
228000027336320
228000027336321
228000027336322
228000027336323
228000027336324
228000027336325
228000027336326
228000027360515
228000027360525
228000027360581
228000027360587
228000027360616
228000027402324
228000027402325
228000027402326
228000027434903
228000027434944
228000027435043
228000027435150
228000027435281
228000027435422
228000027435503
228000027435599
228000027435717
228000027438442
228000027438443
228000027438444
228000027438484
228000027438527
228000027438645
228000027438749
228000027438927
228000027438986
228000027439118
228000027439340
228000027439451
228000027439574
228000027439642
228000027439748
228000027439907
228000027440018
228000027440145
228000027440212
228000027440308
228000027440472
228000027440675
228000027440764
228000027441304
228000027441446
228000027441542
228000027441602
228000027441736
228000027441795
228000027441924
228000027442472
228000027442567
228000027442732
228000027442835
228000027442926
228000027442966
228000027443144
228000027443331
228000027443653
228000027443699
228000027444617
228000027444618
228000027444619
228000027444620
228000027444621
228000027444622
228000027446119
228000027446244
228000027446292
228000027446355
228000027446514
228000027446638
228000027446832
228000027446833
228000027446834
228000027446835
228000027446836
228000027446955
228000027447021
228000027447101
228000027447169
228000027447260
228000027447321
228000027447398
228000027447570
228000027447652
228000027447715
228000027447803
228000027447981
228000027448069
228000027448111
228000027448176
228000027448238
228000027448296
228000027448384