46609830
24014090
55926145
36424260
48267680
51133456
72387518
77182410
26774712
60501895
99625104
43717214
18462524
68101362
11269858
72757490
92959485
53810403
72207282
24964209
48504504
22505516
31703044
23270714
83928343
95095455
55205919
51324437
83981530
43109411
98215811
32216501
88814125
57425482
64514189
19974714
69028458
87404597
90369323
26483175
70074716
83330567
84848275
36729525
12164184
84282372
72348745
67333123
17905694
72681524
49949522
84318847
68861057
22054630
24359021
80550730
31091930
78116958
92969615
98445942
59325662
40359789
98357928
71820747
51578967
46754877
81116382
83752631
84050134
81933935
19695404
43099513
63914788
89937685
72670436
80359530
78870922
18145370
66876028
13621256
81027302
91593138
98656719
42227907
37837286
51191642
46212373
84826891
66033771
22782773
35881486
92132773
86407666
13783368
17799763
27652186
18536087
20176694
76741453
14775584